Year,Topic1,Topic2,Topic3,Topic4,Topic5,Topic6,Topic7
1872,0.03141605893328701,0.5121001782859148,0.09055977666549861,0.03777545000393417,0.082154954031483,0.07004730340390775,0.17594627867597462
1873,0.051085004763107233,0.2602342248331609,0.16187911706178712,0.034927570109030935,0.17837191459640564,0.10352874079815277,0.20997342783835543
1874,0.052274379319867344,0.6565648988508711,0.10729919309781608,0.015092007439071008,0.030800306617444737,0.0729436577058507,0.06502555696907908
1875,0.04089786059859398,0.6040482479561233,0.13301804669826617,0.01738179969710471,0.03402831200029792,0.08835085120761904,0.08227488184199483
1876,0.03892571704358161,0.655841563969918,0.11653756932672406,0.017788722620638735,0.03625177291058564,0.06914198981303749,0.06551266431551452
1877,0.043635471154849025,0.6286044204487565,0.10860196806999471,0.02810521123823139,0.04055816616255211,0.06192246134559374,0.08857230158002255
1878,0.037748578284190995,0.5874808877648083,0.141702700943515,0.025241745917153117,0.05624884877615484,0.0755374848956141,0.07603975341856366
1879,0.04367309807703236,0.5931178223641039,0.15071612363298056,0.027084824674594013,0.0342584459901564,0.062185395635932936,0.08896428962519981
1880,0.04585785879059985,0.6010473967677097,0.14773020104857018,0.030117127135322257,0.044456301240655575,0.06272360197553362,0.0680675130416088
1881,0.05413594837805737,0.5752360459076477,0.15308045105656023,0.02306704149020991,0.038535847682922564,0.08109835060539945,0.07484631487920278
1882,0.05899584089640522,0.5920415554761427,0.13664993270263862,0.038444250367640265,0.03629760157031273,0.06493381284317717,0.07263700614368336
1883,0.12077988706640523,0.5086806414882491,0.12502239551279468,0.022659010660498295,0.06622593808088709,0.08044991017607307,0.07618221701509253
1884,0.056988770422162646,0.4838901629486825,0.13440547855009935,0.02899043609586242,0.07093594312378353,0.15038704256968818,0.07440216628972139
1885,0.0456349766096754,0.6241947605644497,0.11566344232216749,0.032324200718749696,0.04303310873188885,0.07526744488158087,0.06388206617148805
1886,0.05016393123564252,0.5812461933536601,0.11062602852786745,0.03151101879225888,0.058296160488093,0.0894214286351046,0.07873523896737342
1887,0.04866742419683246,0.5946585052886778,0.10936388546686852,0.04056690170252187,0.04243725948758403,0.08979373063776515,0.07451229321975014
1888,0.05718653916580254,0.5371365218396041,0.12951904095306163,0.03482594678316916,0.06607376055784128,0.07489942539430232,0.10035876530621887
1889,0.049238084217939855,0.6127116215569105,0.10575676463031992,0.026032599676506202,0.060442714567950404,0.07968270846801448,0.06613550688235867
1890,0.04772413430979233,0.6072301366565187,0.11060007190437025,0.025771171895718484,0.05323438083380091,0.07827710161743852,0.0771630027823608
1891,0.04520479741006465,0.6079837640822258,0.1175236781483526,0.03247089407706311,0.040937406746506304,0.0775731394140408,0.0783063201217468
1892,0.05218117473803128,0.590581184558119,0.1280270887810404,0.028959037524192415,0.0477096478161618,0.06466891092774714,0.08787295565470789
1893,0.04751872064619465,0.6019882065846693,0.13363876592828872,0.03508344680717051,0.048407582631783394,0.059820450315954836,0.07354282708593853
1894,0.04629374480179953,0.6399329497328591,0.09718197567923936,0.02714593103778731,0.047907229915511794,0.07443044469943955,0.06710772413336336
1895,0.04853606696750503,0.6244714274140776,0.13654011462833274,0.03445489824962567,0.04498544736281584,0.04791582228533371,0.06309622309230943
1896,0.04415392636340734,0.6304613378090955,0.12167680081915598,0.021838259423904882,0.05743956786775214,0.054576207010057,0.06985390070662711
1897,0.031484514319250485,0.6679060146074869,0.1133182594422882,0.021636777934572263,0.03797006223774676,0.054834686634435026,0.07284968482422043
1898,0.036868305227197855,0.6460833700443632,0.11363207260719631,0.025887629540220322,0.04089274412905091,0.05840504371092418,0.07823083474104725
1899,0.04126398604674026,0.6752329791930275,0.10382710041983374,0.026005548060125023,0.034879155054781834,0.048178841563105666,0.07061238966238602
1900,0.029858504597193167,0.731025046348071,0.09242654779465766,0.017940070511510565,0.0298899719223813,0.029822232301616666,0.06903762652456971
1901,0.023731683020740194,0.667786185391335,0.10914549762999781,0.01950160695119689,0.04246811005004542,0.05201681291116632,0.08535010404551831
1902,0.026657504315476623,0.7082732155774126,0.0949948895007712,0.019051802683153908,0.027684939709508666,0.03974687128131603,0.08359077693236096
1903,0.03218023563405639,0.6873053975667521,0.09428578014303185,0.02501675987056001,0.036811951200335355,0.05109943203972801,0.07330044354553626
1904,0.031044322359853323,0.6861025906705205,0.09860163328376273,0.02415541800983828,0.035537286948289705,0.042879001308430434,0.08167974741930509
1905,0.03435850651305818,0.6166234420232684,0.11182686054616776,0.031213549686582416,0.06904174264409346,0.05421823690149805,0.08271766168533183
1906,0.05439177974751487,0.5250314112896831,0.15536325740965604,0.03725400098534945,0.07482059715078745,0.05974385164562666,0.09339510177138244
1907,0.049563693205688694,0.5521831891849915,0.140595252040249,0.03543857627620148,0.08543560193502953,0.05820059483433258,0.0785830925235072
1908,0.034244478502292584,0.6723922902815145,0.10751638292255089,0.031059127947970593,0.039139595211972675,0.0454735473459615,0.07017457778773731
1909,0.029794621353683527,0.6670353759367044,0.1076614594120825,0.027499180793244805,0.05294164074753322,0.044845376640230486,0.07022234511652109
1910,0.031312447209756795,0.6311659197673517,0.12790053778385396,0.04003741991999237,0.040317582553619044,0.048801467873409464,0.08046462489201668
1911,0.04653977571655253,0.5986755258047376,0.15670594788990777,0.03765598661816283,0.039941069290079415,0.043629877324748816,0.07685181735581101
1912,0.056616656768279795,0.450188303748048,0.19472965869321654,0.05573887280035099,0.0662041665671748,0.06510681984078115,0.11141552158214868
1913,0.08502627533716134,0.31598975653466393,0.20387058729793464,0.07766663904567594,0.12439791647322468,0.09032687940464057,0.10272194590669892
1914,0.08555202584771188,0.34292794542201777,0.17362921023103875,0.09881432751290463,0.11518364199850503,0.0806188183247378,0.10327403066308417
1915,0.08449644373312505,0.36405981127281206,0.17940888236998445,0.08900369471805639,0.10847206035939728,0.07691747227414585,0.09764163527247893
1916,0.07732841680706538,0.40315105451532257,0.15258163822306742,0.07064958084916208,0.122195749741197,0.07776489854797969,0.09632866131620586
1917,0.07185996385087322,0.4633845252872229,0.15776481025033953,0.05879326180190674,0.09969857284705146,0.06604582985245722,0.08245303611014895
1918,0.08000089743940147,0.4102837949086375,0.17035586789962423,0.0645082618485835,0.11814204871112013,0.07209524697585713,0.08461388221677603
1919,0.0809931144737239,0.42552177916494754,0.193704630355213,0.08178476637188047,0.0674144554064985,0.06152490358209736,0.08905635064563926
1920,0.06917500287191546,0.36948551779860506,0.17450667566218647,0.09815766403201424,0.105865693889374,0.08268941942647574,0.10012002631942901
1921,0.07870139142765468,0.36184002971145063,0.17089268718882525,0.0927270824786739,0.10190743380632351,0.08904336169952826,0.10488801368754375
1922,0.10139310495431347,0.33072264598353235,0.1719110861401071,0.0794902699135384,0.1183775869670452,0.09586693777584965,0.10223836826561383
1923,0.11221770292118789,0.2946412293365963,0.19964664170350777,0.09991025585493711,0.10794950380719541,0.08663400355692434,0.0990006628196512
1924,0.0819397542430536,0.3218861229312681,0.2211208241710537,0.07671611472419226,0.10279860194428964,0.09434833802512783,0.10119024396101485
1925,0.08383991460374418,0.34862149928709163,0.20780156667577976,0.07102578495618264,0.09798466406442446,0.08572227510718157,0.10500429530559577
1926,0.09599182047394773,0.32570903625367215,0.20784006019820392,0.07777764914475029,0.11075914155088507,0.08821577352391241,0.09370651885462845
1927,0.10775733567563892,0.28603044845693276,0.2214568560613967,0.09725867041326584,0.10363090024099682,0.09184022505086889,0.09202556410090008
1928,0.1099582158022024,0.2379816372703979,0.20939825963853403,0.12236960368824516,0.12270520002768719,0.1022047224080989,0.09538236116483444
1929,0.11365113994379966,0.23203304613648784,0.18758217833859955,0.12897908608736525,0.12189240154903154,0.10285277170316953,0.11300937624154665
1930,0.11834154082753788,0.21640101615314894,0.2174479163699238,0.11512636645642733,0.11582752007195025,0.11039599324008255,0.10645964688092924
1931,0.11908713343931138,0.21963994323634053,0.22240626425018917,0.0917710798319502,0.13776339644957333,0.10857231298755209,0.10075986980508332
1932,0.10163041613046488,0.19483231192508682,0.20417255424772163,0.15475397008303501,0.12515590909800842,0.10759981620841183,0.11185502230727142
1933,0.1089829431022585,0.21543776496419997,0.22638178971901032,0.12639642141959606,0.10697321684533542,0.11408300352846094,0.10174486042113876
1934,0.11757215187072068,0.1973854917560809,0.23045764174766714,0.11312840947236291,0.12227324373160994,0.10934207216367131,0.10984098925788713
1935,0.13253078770896287,0.21160786076318935,0.2120151695489012,0.12100333524500716,0.09787936025056104,0.12518365903001535,0.09977982745336302
1936,0.09967806333796389,0.2947766853896519,0.22297690932146733,0.08705546981899139,0.09968707397060204,0.10055327049668149,0.09527252766464196
1937,0.09838169955248094,0.25512951887632085,0.24230183054486434,0.10173024264021623,0.10611868450323442,0.09892778407852429,0.09741023980435896
1938,0.10164513314034365,0.20769983184698756,0.22324986169673885,0.09002848102858896,0.135231957935188,0.10501734678339872,0.13712738756875426
1939,0.1177431464682495,0.2357943076744501,0.21939959267174192,0.11454936773510245,0.11261674038606934,0.11193802270950794,0.08795882235487877
1940,0.12023326311153461,0.264058124338486,0.21209459635752181,0.11286287566965061,0.10443354616694436,0.09830098034128953,0.08801661401457303
1941,0.09373710782859045,0.2694634310708653,0.21842566337329486,0.08307230114740934,0.1105301073498499,0.1291714504529343,0.09559993877705592
1942,0.10759803622075267,0.24856899947103442,0.22246400475679082,0.09611835856462403,0.12667308330694133,0.10085214723135051,0.09772537044850622
1943,0.13935997017122095,0.2594637708528799,0.19267258904317172,0.12416417189223078,0.10049606953280714,0.09124789869368306,0.09259552981400641
1944,0.11233182206277892,0.3060755170586197,0.1789779014388205,0.12877068943514516,0.09000780464072788,0.0732613618080406,0.11057490355586727
1945,0.09851311332428976,0.2351013345989273,0.22380219729017709,0.1581270241387374,0.11989503996161305,0.07087981823901018,0.09368147244724526
1946,0.14438109683847716,0.2121766083303608,0.23850102175441493,0.11967404964372956,0.09772757306125109,0.09304216732059346,0.09449748305117299
1947,0.13515230935738665,0.2386334000328073,0.2093178208086459,0.09933074260744484,0.13048731963106036,0.08095789612580154,0.1061205114368534
1948,0.10757180095302123,0.2735628154931067,0.22281678579197645,0.11199257982837096,0.10140194377882573,0.08548067155093807,0.09717340260376088
1949,0.08851413609133547,0.2816580042031729,0.20366836738116412,0.10858730681155068,0.12062857739477303,0.11099896556546594,0.08594464255253784
